23 29
23 30
23 31
24 28
24 29
24 30
24 31
25 26
25 27
25 28
25 29
25 30
25 31
26 26
26 27
26 28
26 29
26 30
26 31
26 32
27 23
27 24
27 25
27 26
27 27
27 28
27 29
27 30
27 31
27 32
28 23
28 24
28 25
28 29
28 30
28 31
28 32
29 21
29 22
29 23
29 24
29 25
29 30
29 31
29 32
29 33
30 20
30 21
30 22
30 23
30 30
30 31
30 32
30 33
31 20
31 21
31 22
31 23
31 30
31 31
31 32
31 33
32 20
32 21
32 22
32 30
32 31
32 32
32 33
32 34
33 19
33 20
33 21
33 22
33 30
33 31
33 32
33 33
33 34
34 19
34 20
34 21
34 30
34 31
34 32
34 33
34 34
34 35
34 36
35 19
35 20
35 21
35 30
35 31
35 32
35 34
35 35
35 36
36 19
36 20
36 21
36 30
36 31
36 32
36 34
36 35
36 36
36 37
37 19
37 20
37 21
37 29
37 30
37 31
37 32
37 34
37 35
37 36
37 37
37 38
38 19
38 20
38 21
38 29
38 30
38 31
38 32
38 35
38 36
38 37
38 38
38 39
39 19
39 20
39 21
39 22
39 28
39 29
39 30
39 31
39 36
39 37
39 38
39 39
39 40
40 19
40 20
40 21
40 22
40 23
40 24
40 27
40 28
40 29
40 30
40 37
40 38
40 39
40 40
41 20
41 21
41 22
41 23
41 24
41 25
41 26
41 27
41 28
41 29
41 30
41 38
41 39
41 40
42 20
42 21
42 22
42 23
42 24
42 25
42 26
42 27
42 28
42 29
43 23
43 24
43 25
43 26
43 27
