15 27
15 28
15 29
15 30
15 31
15 32
15 33
16 24
16 25
16 26
16 27
16 28
16 29
16 30
16 31
16 32
16 33
17 23
17 24
17 25
17 26
17 27
17 28
17 29
17 30
17 31
17 32
17 33
18 22
18 23
18 24
18 25
18 26
18 27
18 28
18 31
18 32
18 33
19 21
19 22
19 23
19 24
19 25
19 26
20 21
20 22
20 23
20 24
21 20
21 21
21 22
21 23
22 20
22 21
22 22
22 23
23 20
23 21
23 22
24 19
24 20
24 21
24 22
25 18
25 19
25 20
25 21
26 18
26 19
26 20
26 21
27 18
27 19
27 20
28 18
28 19
28 20
29 18
29 19
29 20
30 18
30 19
30 20
31 18
31 19
31 20
32 18
32 19
32 20
32 21
33 18
33 19
33 20
33 21
34 19
34 20
34 21
34 22
34 34
34 35
34 36
34 37
35 19
35 20
35 21
35 22
35 23
35 24
35 25
35 26
35 27
35 28
35 29
35 30
35 31
35 32
35 33
35 34
35 35
35 36
35 37
36 20
36 21
36 22
36 23
36 24
36 25
36 26
36 27
36 28
36 29
36 30
36 31
36 32
36 33
36 34
36 35
36 36
36 37
37 22
37 23
37 24
37 25
37 26
37 27
37 28
37 29
37 30
37 31
37 32
37 33
37 34
37 35
37 36
