0 1
0 2
0 3
1 1
1 2
1 3
2 1
2 2
2 3
3 1
3 2
3 3
4 1
4 2
4 3
5 1
5 2
5 3
6 1
6 2
6 3
7 1
7 2
7 3
8 1
8 2
8 3
9 1
9 2
9 3
10 1
10 2
10 3
10 32
10 33
10 34
10 35
10 36
11 1
11 2
11 3
11 28
11 29
11 30
11 31
11 32
11 33
11 34
11 35
11 36
12 1
12 2
12 3
12 26
12 27
12 28
12 29
12 30
12 31
12 32
12 33
12 34
12 35
12 36
13 1
13 2
13 3
13 4
13 5
13 6
13 7
13 8
13 9
13 10
13 11
13 25
13 26
13 27
13 28
13 29
13 30
13 31
13 32
13 33
13 34
13 35
13 36
14 1
14 2
14 3
14 4
14 5
14 6
14 7
14 8
14 9
14 10
14 11
14 12
14 13
14 14
14 15
14 16
14 17
14 18
14 24
14 25
14 26
14 27
14 28
14 29
14 30
14 31
14 32
14 33
14 34
14 35
15 1
15 2
15 3
15 4
15 5
15 6
15 7
15 8
15 9
15 10
15 11
15 12
15 13
15 14
15 15
15 16
15 17
15 18
15 23
15 24
15 25
15 26
15 27
15 30
15 31
15 32
15 33
15 34
15 35
16 1
16 2
16 3
16 4
16 12
16 13
16 14
16 15
16 16
16 17
16 18
16 22
16 23
16 24
16 25
16 26
16 29
16 30
16 31
16 32
16 33
16 34
16 35
17 22
17 23
17 24
17 25
17 29
17 30
17 31
18 21
18 22
18 23
18 24
18 25
18 29
18 30
18 31
18 34
18 35
18 36
19 21
19 22
19 23
19 24
19 29
19 30
19 31
19 34
19 35
19 36
20 20
20 21
20 22
20 23
20 29
20 30
20 31
20 34
20 35
20 36
21 20
21 21
21 22
21 23
21 29
21 30
21 31
22 20
22 21
22 22
22 29
22 30
22 31
22 35
22 36
22 37
23 20
23 21
23 22
23 29
23 30
23 31
23 35
23 36
23 37
24 20
24 21
24 22
24 23
24 29
24 30
24 31
24 35
24 36
24 37
25 20
25 21
25 22
25 23
25 24
25 29
25 30
25 31
26 21
26 22
26 23
26 24
26 28
26 29
26 30
26 31
27 22
27 23
27 24
27 25
27 26
27 28
27 29
27 30
27 31
28 22
28 23
28 24
28 25
28 26
28 27
28 28
28 29
28 30
28 31
29 23
29 24
29 25
29 26
29 27
29 28
29 29
29 30
30 26
30 27
30 28
30 29
30 30
30 40
30 41
30 42
31 40
31 41
31 42
32 40
32 41
32 42
35 61
35 62
35 63
36 48
36 49
36 50
36 61
36 62
36 63
37 48
37 49
37 50
37 61
37 62
37 63
38 48
38 49
38 50
38 61
38 62
38 63
39 61
39 62
39 63
40 61
40 62
40 63
41 61
41 62
41 63
43 51
43 52
43 53
44 51
44 52
44 53
45 51
45 52
45 53
46 51
46 52
46 53
47 51
47 52
47 53
50 21
50 22
50 23
51 21
51 22
51 23
52 21
52 22
52 23
52 62
52 63
52 64
53 20
53 21
53 22
53 62
53 63
53 64
54 20
54 21
54 22
54 62
54 63
54 64
55 20
55 21
55 22
56 20
56 21
56 22
57 20
57 21
57 22
57 51
57 52
57 53
57 86
57 87
57 88
58 20
58 21
58 22
58 38
58 39
58 40
58 51
58 52
58 53
58 86
58 87
58 88
58 89
58 90
59 20
59 21
59 22
59 33
59 34
59 35
59 38
59 39
59 40
59 43
59 44
59 45
59 51
59 52
59 53
59 80
59 81
59 82
59 86
59 87
59 88
59 89
59 90
60 19
60 20
60 21
60 22
60 33
60 34
60 35
60 38
60 39
60 40
60 43
60 44
60 45
60 76
60 77
60 78
60 80
60 81
60 82
60 88
60 89
60 90
60 91
61 19
61 20
61 21
61 33
61 34
61 35
61 43
61 44
61 45
61 46
61 76
61 77
61 78
61 79
61 80
61 81
61 82
61 89
61 90
61 91
62 19
62 20
62 21
62 29
62 30
62 31
62 44
62 45
62 46
62 76
62 77
62 78
62 79
62 89
62 90
62 91
63 19
63 20
63 21
63 29
63 30
63 31
63 44
63 45
63 46
63 75
63 76
63 77
63 78
63 79
64 19
64 20
64 21
64 29
64 30
64 31
64 44
64 45
64 46
64 74
64 75
64 76
64 77
65 19
65 20
65 21
65 22
65 23
65 24
65 25
65 26
65 27
65 28
65 29
65 43
65 44
65 45
65 74
65 75
65 76
65 77
66 18
66 19
66 20
66 21
66 22
66 23
66 24
66 25
66 26
66 27
66 28
66 29
66 43
66 44
66 45
66 51
66 52
66 53
66 63
66 64
66 65
66 74
66 75
66 76
66 77
66 78
67 18
67 19
67 20
67 21
67 22
67 23
67 24
67 25
67 26
67 27
67 28
67 29
67 41
67 42
67 43
67 44
67 45
67 51
67 52
67 53
67 63
67 64
67 65
67 76
67 77
67 78
67 89
67 90
67 91
68 17
68 18
68 19
68 20
68 21
68 22
68 25
68 26
68 27
68 28
68 36
68 37
68 38
68 39
68 40
68 41
68 42
68 43
68 51
68 52
68 53
68 63
68 64
68 65
68 76
68 77
68 78
68 89
68 90
68 91
69 17
69 18
69 19
69 20
69 21
69 26
69 27
69 28
69 36
69 37
69 38
69 39
69 40
69 41
69 42
69 43
69 89
69 90
69 91
70 17
70 18
70 19
70 20
70 26
70 27
70 28
70 29
70 36
70 37
70 38
70 39
70 40
71 17
71 18
71 19
71 20
71 27
71 28
71 29
71 30
72 16
72 17
72 18
72 19
72 26
72 27
72 28
72 29
72 30
72 54
72 55
72 56
73 16
73 17
73 18
73 19
73 26
73 27
73 28
73 29
73 30
73 54
73 55
73 56
74 16
74 17
74 18
74 19
74 26
74 27
74 28
74 29
74 30
74 44
74 45
74 46
74 54
74 55
74 56
75 16
75 17
75 18
75 28
75 29
75 30
75 44
75 45
75 46
76 16
76 17
76 18
76 27
76 28
76 29
76 30
76 43
76 44
76 45
76 46
76 64
76 65
76 66
77 27
77 28
77 29
77 30
77 40
77 41
77 42
77 43
77 44
77 45
77 46
77 64
77 65
77 66
77 79
77 80
77 81
77 85
77 86
77 87
78 27
78 28
78 29
78 40
78 41
78 42
78 43
78 44
78 45
78 62
78 63
78 64
78 65
78 66
78 79
78 80
78 81
78 85
78 86
78 87
79 29
79 30
79 31
79 40
79 41
79 42
79 62
79 63
79 64
79 65
79 66
79 79
79 80
79 81
79 85
79 86
79 87
80 29
80 30
80 31
80 34
80 35
80 36
80 62
80 63
80 64
80 65
80 66
80 82
80 83
80 84
80 85
81 29
81 30
81 31
81 32
81 33
81 34
81 35
81 36
81 82
81 83
81 84
81 85
82 32
82 33
82 34
82 35
82 36
82 62
82 63
82 64
82 82
82 83
82 84
82 85
83 32
83 33
83 34
83 62
83 63
83 64
84 62
84 63
84 64
86 57
86 58
86 59
87 57
87 58
87 59
88 57
88 58
88 59
89 57
89 58
89 59
90 57
90 58
90 59
91 57
91 58
91 59
