1 1
1 2
1 3
2 1
2 2
2 3
3 1
3 2
3 3
4 1
4 2
4 3
5 1
5 2
5 3
6 1
6 2
6 3
7 1
7 2
7 3
8 1
8 2
8 3
9 1
9 2
9 3
10 1
10 2
10 3
11 1
11 2
11 3
12 1
12 2
12 3
13 1
13 2
13 3
14 1
14 2
14 3
14 7
14 8
14 9
14 10
14 11
15 1
15 2
15 3
15 7
15 8
15 9
15 10
15 11
15 12
15 13
15 14
16 1
16 2
16 3
16 4
16 5
16 6
16 7
16 8
16 9
16 10
16 11
16 12
16 13
16 14
16 15
16 16
16 17
17 1
17 2
17 3
17 4
17 5
17 6
17 7
17 8
17 9
17 10
17 11
17 12
17 13
17 14
17 15
17 16
17 17
18 1
18 2
18 3
18 4
18 5
18 6
18 7
18 8
18 9
18 10
18 11
18 12
18 13
18 14
18 15
18 16
18 17
19 8
19 9
19 10
19 11
19 12
19 13
19 14
19 15
19 16
19 17