37 43
37 44
37 45
37 46
38 31
38 32
38 33
38 34
38 35
38 36
38 43
38 44
38 45
38 46
39 30
39 31
39 32
39 33
39 34
39 35
39 36
39 42
39 43
39 44
39 45
39 46
39 47
40 30
40 31
40 32
40 33
40 34
40 35
40 36
40 37
40 42
40 43
40 44
40 45
40 46
40 47
41 30
41 31
41 32
41 33
41 34
41 35
41 36
41 37
41 41
41 42
41 43
41 44
41 45
41 46
41 47
42 29
42 30
42 31
42 32
42 33
42 34
42 35
42 36
42 37
42 40
42 41
42 42
42 43
42 44
42 45
42 46
42 47
43 29
43 30
43 31
43 32
43 33
43 34
43 35
43 36
43 37
43 40
43 41
43 42
43 43
43 45
43 46
43 47
44 29
44 30
44 31
44 32
44 33
44 34
44 35
44 36
44 37
44 40
44 41
44 42
44 43
44 45
44 46
44 47
45 29
45 30
45 31
45 32
45 33
45 34
45 35
45 36
45 37
45 39
45 40
45 41
45 42
45 45
45 46
45 47
45 48
46 29
46 30
46 31
46 32
46 35
46 36
46 37
46 38
46 39
46 40
46 41
46 45
46 46
46 47
46 48
47 30
47 31
47 32
47 35
47 36
47 37
47 38
47 39
47 40
47 41
47 46
47 47
47 48
48 28
48 29
48 30
48 31
48 32
48 35
48 36
48 37
48 38
48 39
48 40
48 41
48 46
48 47
48 48
49 28
49 29
49 30
49 31
49 32
49 36
49 37
49 38
49 39
49 40
49 41
49 46
49 47
49 48
50 28
50 29
50 30
50 31
50 32
50 37
50 38
50 39
50 40
50 41
50 46
50 47
50 48
51 28
51 29
51 30
51 31
51 32
51 37
51 38
51 39
51 40
51 46
51 47
51 48
52 28
52 29
52 30
52 31
52 32
52 37
52 38
52 39
52 40
52 46
52 47
52 48
53 28
53 29
53 30
53 31
53 37
53 38
53 39
53 40
53 46
53 47
53 48
54 27
54 28
54 29
54 30
54 31
54 38
54 39
54 40
54 46
54 47
54 48
55 27
55 28
55 29
55 30
55 31
55 38
55 39
55 40
55 46
55 47
55 48
56 27
56 28
56 29
56 30
56 46
56 47
56 48
57 27
57 28
57 29
57 30
57 46
57 47
57 48
58 27
58 28
58 29
58 30
58 46
58 47
58 48
59 27
59 28
59 29
59 30
59 46
59 47
59 48
60 27
60 28
60 29
60 46
60 47
60 48
61 27
61 28
61 29
61 46
61 47
61 48
61 49
62 27
62 28
62 29
62 46
62 47
62 48
62 49
63 27
63 28
63 29
63 47
63 48
63 49
64 27
64 28
64 29
64 47
64 48
64 49
65 27
65 28
65 29
65 47
65 48
65 49
66 27
66 28
66 29
67 27
67 28
67 29
