31 35
31 36
31 37
31 38
31 39
31 40
31 41
32 34
32 35
32 36
32 37
32 38
32 39
32 40
32 41
33 33
33 34
33 35
33 36
33 37
33 38
33 39
33 40
33 41
34 32
34 33
34 34
34 35
34 36
35 32
35 33
35 34
35 35
36 31
36 32
36 33
36 34
37 31
37 32
37 33
37 34
38 30
38 31
38 32
38 33
39 30
39 31
39 32
39 33
40 29
40 30
40 31
40 32
41 29
41 30
41 31
41 32
42 29
42 30
42 31
43 29
43 30
43 31
44 29
44 30
44 31
45 29
45 30
45 31
46 29
46 30
46 31
46 32
47 29
47 30
47 31
47 32
47 33
48 30
48 31
48 32
48 33
48 34
49 30
49 31
49 32
49 33
49 34
49 35
50 32
50 33
50 34
50 35
50 36
50 37
50 38
50 39
50 40
50 41
50 42
50 43
50 44
50 45
51 33
51 34
51 35
51 36
51 37
51 38
51 39
51 40
51 41
51 42
51 43
51 44
51 45
51 46
51 47
52 34
52 35
52 36
52 37
52 38
52 39
52 40
52 41
52 42
52 43
52 44
52 45
52 46
52 47
52 48
53 37
53 38
53 39
53 40
53 41
53 42
53 43
53 44
53 45
53 46
53 47
53 48
54 46
54 47
54 48
55 46
55 47
55 48
55 49
56 47
56 48
56 49
57 47
57 48
57 49
57 50
58 47
58 48
58 49
58 50
59 48
59 49
59 50
60 48
60 49
60 50
61 48
61 49
61 50
62 48
62 49
62 50
63 48
63 49
63 50
64 48
64 49
64 50
65 48
65 49
65 50
66 47
66 48
66 49
66 50
67 47
67 48
67 49
68 47
68 48
68 49
69 46
69 47
69 48
69 49
70 44
70 45
70 46
70 47
70 48
70 49
71 31
71 32
71 33
71 42
71 43
71 44
71 45
71 46
71 47
71 48
72 31
72 32
72 33
72 34
72 35
72 36
72 39
72 40
72 41
72 42
72 43
72 44
72 45
72 46
73 31
73 32
73 33
73 34
73 35
73 36
73 37
73 38
73 39
73 40
73 41
73 42
73 43
73 44
73 45
74 32
74 33
74 34
74 35
74 36
74 37
74 38
74 39
74 40
74 41
74 42
74 43
75 35
75 36
75 37
75 38
75 39