3 70
3 71
3 72
3 73
4 50
4 51
4 52
4 53
4 68
4 69
4 70
4 71
4 72
4 73
4 74
4 75
5 50
5 51
5 52
5 53
5 67
5 68
5 69
5 70
5 71
5 72
5 73
5 74
5 75
6 50
6 51
6 52
6 53
6 67
6 68
6 69
6 70
6 73
6 74
6 75
6 76
7 50
7 51
7 52
7 66
7 67
7 68
7 69
7 74
7 75
7 76
7 77
8 48
8 49
8 50
8 51
8 52
8 65
8 66
8 67
8 68
8 74
8 75
8 76
8 77
9 13
9 14
9 15
9 47
9 48
9 49
9 50
9 65
9 66
9 67
9 68
9 75
9 76
9 77
9 78
10 13
10 14
10 15
10 47
10 48
10 49
10 50
10 65
10 66
10 67
10 75
10 76
10 77
10 78
11 13
11 14
11 15
11 40
11 41
11 42
11 43
11 47
11 48
11 49
11 65
11 66
11 67
11 75
11 76
11 77
11 78
11 79
12 13
12 14
12 15
12 16
12 17
12 18
12 21
12 22
12 23
12 34
12 35
12 36
12 40
12 41
12 42
12 43
12 44
12 45
12 46
12 47
12 48
12 49
12 62
12 63
12 64
12 65
12 66
12 67
12 68
12 69
12 76
12 77
12 78
12 79
13 13
13 14
13 15
13 16
13 17
13 18
13 19
13 20
13 21
13 22
13 23
13 30
13 31
13 32
13 33
13 34
13 35
13 36
13 40
13 41
13 42
13 43
13 44
13 45
13 46
13 47
13 48
13 49
13 54
13 55
13 56
13 62
13 63
13 64
13 65
13 66
13 67
13 68
13 69
13 77
13 78
13 79
13 80
14 13
14 14
14 15
14 16
14 17
14 18
14 19
14 20
14 21
14 22
14 23
14 28
14 29
14 30
14 31
14 32
14 33
14 34
14 35
14 36
14 42
14 43
14 44
14 45
14 46
14 47
14 48
14 54
14 55
14 56
14 62
14 63
14 64
14 66
14 67
14 68
14 69
14 77
14 78
14 79
14 80
15 12
15 13
15 14
15 15
15 16
15 17
15 18
15 19
15 20
15 21
15 22
15 23
15 27
15 28
15 29
15 30
15 31
15 32
15 33
15 34
15 35
15 36
15 44
15 45
15 46
15 47
15 54
15 55
15 56
15 62
15 63
15 64
15 66
15 67
15 68
15 69
15 78
15 79
15 80
16 12
16 13
16 14
16 15
16 16
16 17
16 18
16 19
16 20
16 21
16 26
16 27
16 28
16 29
16 30
16 31
16 33
16 34
16 35
16 36
16 45
16 46
16 47
16 54
16 55
16 56
16 62
16 63
16 64
16 66
16 67
16 68
16 69
16 70
16 78
16 79
16 80
17 12
17 13
17 14
17 15
17 16
17 17
17 18
17 19
17 20
17 25
17 26
17 27
17 28
17 29
17 33
17 34
17 35
17 36
17 44
17 45
17 46
17 47
17 48
17 54
17 55
17 56
17 62
17 63
17 64
17 68
17 69
17 70
17 78
17 79
17 80
18 11
18 12
18 13
18 14
18 15
18 16
18 25
18 26
18 27
18 28
18 34
18 35
18 36
18 44
18 45
18 46
18 47
18 48
18 49
18 54
18 55
18 56
18 62
18 63
18 64
18 67
18 68
18 69
18 70
18 78
18 79
18 80
19 8
19 9
19 10
19 11
19 12
19 13
19 14
19 25
19 26
19 27
19 34
19 35
19 36
19 37
19 44
19 45
19 46
19 47
19 48
19 49
19 54
19 55
19 56
19 62
19 63
19 64
19 67
19 68
19 69
19 70
19 78
19 79
19 80
20 6
20 7
20 8
20 9
20 10
20 11
20 12
20 13
20 14
20 25
20 26
20 27
20 34
20 35
20 36
20 37
20 38
20 44
20 45
20 46
20 47
20 48
20 49
20 54
20 55
20 56
20 62
20 63
20 64
20 67
20 68
20 69
20 70
20 78
20 79
20 80
21 6
21 7
21 8
21 9
21 10
21 12
21 13
21 14
21 25
21 26
21 27
21 33
21 34
21 35
21 36
21 37
21 38
21 39
21 44
21 45
21 46
21 47
21 48
21 49
21 54
21 55
21 56
21 61
21 62
21 63
21 64
21 68
21 69
21 70
22 6
22 7
22 8
22 12
22 13
22 14
22 20
22 21
22 22
22 25
22 26
22 27
22 28
22 33
22 34
22 35
22 36
22 37
22 38
22 39
22 44
22 45
22 46
22 47
22 48
22 49
22 54
22 55
22 56
22 61
22 62
22 63
22 68
22 69
22 70
23 12
23 13
23 14
23 20
23 21
23 22
23 25
23 26
23 27
23 28
23 31
23 32
23 33
23 34
23 35
23 36
23 37
23 38
23 39
23 40
23 44
23 45
23 46
23 47
23 48
23 49
23 54
23 55
23 56
23 60
23 61
23 62
23 63
23 68
23 69
23 70
23 71
24 12
24 13
24 14
24 15
24 20
24 21
24 22
24 25
24 26
24 27
24 28
24 29
24 30
24 31
24 32
24 33
24 34
24 35
24 37
24 38
24 39
24 40
24 44
24 45
24 46
24 47
24 48
24 49
24 54
24 55
24 56
24 59
24 60
24 61
24 62
24 63
24 68
24 69
24 70
24 71
25 12
25 13
25 14
25 15
25 20
25 21
25 22
25 26
25 27
25 28
25 29
25 30
25 31
25 32
25 33
25 34
25 38
25 39
25 40
25 44
25 45
25 46
25 47
25 48
25 54
25 55
25 56
25 57
25 58
25 59
25 60
25 61
25 62
25 69
25 70
25 71
26 13
26 14
26 15
26 20
26 21
26 22
26 27
26 28
26 29
26 30
26 31
26 32
26 45
26 46
26 47
26 48
26 54
26 55
26 56
26 57
26 58
26 59
26 60
26 61
27 13
27 14
27 15
27 16
27 19
27 20
27 21
27 22
27 54
27 55
27 56
27 57
27 58
27 59
27 60
28 13
28 14
28 15
28 16
28 17
28 18
28 19
28 20
28 21
28 22
29 14
29 15
29 16
29 17
29 18
29 19
29 20
29 21
30 14
30 15
30 16
30 17
30 18
30 19
30 20
30 21
